657 671
642 656
632 641
672 678
47 62
594 606
619 631
187 203
573 593
555 572
520 537
538 550
505 519
482 493
494 504
607 618
329 346
347 357
460 481
267 280
441 459
1041 1060
979 996
396 411
157 167
412 429
997 1009
317 328
281 297
430 440
234 251
204 218
298 316
252 266
371 395
365 369
168 181
219 233
358 364
131 144
145 156
78 92
93 116
916 924
1110 1119
786 799
19 31
905 915
1 18
32 46
117 130
1076 1090
901 904
1091 1109
800 820
1025 1040
63 77
925 939
1061 1075
770 785
821 829
1010 1024
965 978
743 744
888 900
735 740
873 887
847 860
861 872
830 846
756 769
729 734
940 964
719 728
700 718
651 661
662 680
681 699
594 615
559 575
633 650
616 632
576 593
518 542
49 60
503 517
552 558
490 502
366
475 489
354 362
428 438
439 457
458 474
61 77
367 383
285 303
413 427
320 327
304 319
400 412
250 268
158 169
1 13
384 399
216 235
195 215
340 353
328 339
269 284
181 194
1065
236 249
170 174
543 551
1028 1044
145 157
14 31
1019 1027
769 785
32 48
78 93
94 112
113 126
127 144
662
964 987
988 1006
1007 1018
857 879
125 127
737 753
663 697
477 498
881 895
658 659
950 963
698 714
1045 1053
661
657
917 933
934 949
66 82
38 56
74 99
23 37
100 111
3 22
1 29
30 46
83 94
57 73
47 65
112 120
912 916
611 619
1 2
786 798
754 768
590 603
620 636
660
569 589
896 911
1054 1064
823 842
352 366
799 812
813 822
551 568
367 378
517 530
499 516
1120 1121
1117 1119
604 610
440 452
843 856
256 282
426 439
644 656
463 473
413 425
299 319
399 412
283 298
637 643
167 182
205 217
197 204
338 351
320 337
232 255
218 231
152 166
453 462
531 550
145 151
379 398
945
944
1057 1075
1123
1041 1056
852 70
824 42
1107 1116
737 58
1024 1040
910 24
1096 1106
726 36
943
812 23
871 89
792 811
128 144
1009 1023
843 51
1085 1095
353 6
997 1008
772 91
890 909
989 996
925 40
759 71
975 988
1076 1084
583 601
561 82
628 39
700 10
711 21
417 31
508 24
662 84
947 974
432 48
651 61
612 27
381 96
640 50
478 94
465 77
715 736
602 11
525 45
449 64
685 99
495 507
546 57
328 33
304 27
292 303
265 79
280 91
180
250 64
334 44
98 108
16 34
228 49
1 15
146 60
109 27
51 65
212 27
82 97
897 9
35 50
181 93
66 81
194 211
183 196
128 45
926 35
1104 20
1089 103
1059 73
1074 88
161 76
1048 58
1032 47
1018 31
1000 17
695 708
983 99
838 52
969 82
809 23
953 68
824 37
768 77
792 808
778 91
936 52
752 67
741 51
709 26
879 91
727 40
869 78
860 8
853 9
651 62
638 50
677 89
621 37
663 76
608 20
590 607
579 89
568 78
549 67
505 24
492 504
472 91
532 44
448 71
900 8
340 55
441 7
525 31
432 40
325 39
406 15
416 31
307 24
294 306
167
1 2
267 80
281 93
396 405
384 95
256 66
243 55
909 25
233 42
369 83
215 32
205 14
356 62
152 60
187 204
1 25
84 101
397 416
25 41
112 26
66 83
169 86
102 11
42 55
127 36
144 51
137 43
3 24
56 65
366 80
1018 22
1010 7
951 70
971 87
1005 9
26 41
993 1004
933 50
919 32
988 92
902 18
851 61
862 78
879 901
42 62
798 811
357 65
838 42
753 71
772 8
779 97
743 52
712 25
726 42
697 711
833 7
582 600
685 97
812 8
660 84
645 59
566 81
543 54
639 44
610 27
601 9
628 38
555 65
518 33
493 504
534 42
505 17
480 92
289 92
421 35
457 79
409 20
349 67
397 408
442 9
383 96
334 48
819 32
272 9
368 82
263 71
436 41
178 91
219 30
231 50
203 18
192 202
166 77
134 52
257 62
153 65
119 33
309 21
251 6
293 308
96 110
83 95
66 82
322 33
55 65
31 54
17 30
1 16
865 77
901 12
878 900
837 64
824 36
805 23
763 85
738 51
752 62
789 804
707 24
725 37
639 59
689 706
674 88
660 73
625 32
591 610
574 90
616 24
555 73
611 5
539 54
501 11
523 38
512 22
467 78
494 8
411 23
456 66
424 38
439 55
398 410
490 3
386 97
366 85
351 65
479 89
298 320
285 97
264 84
231 49
250 63
205 19
220 30
193 204
339 45
181 92
147 56
134 46
321 9
121 33
162 6
110 20
93 109
330 8
62 77
78 92
713 5
157 61
50 61
1029 47
35 49
1049 59
22 34
1061 7
1 21
1001 27
175 6
973 99
955 72
167 74
745 61
727 44
763 77
941 54
927 40
609 29
549 52
1069 74
913 26
1075 82
897 911
851 69
835 49
885 91
675 89
539 42
823 34
811 21
785 92
793 809
653 60
510 21
779 84
631 51
661 74
703 8
717 26
337 45
443 60
567 77
490 509
595 607
533 8
461 89
579 93
426 42
691 701
382 91
522 32
392 400
401 12
413 25
360 1
367 81
289 313
553 66
90 106
346 59
228 39
272 88
253 71
170 3
214 27
107 26
240 52
150 64
44 62
747 61
12 21
204 13
735 46
314 36
195 203
887 92
596 615
138 49
871 83
762 81
127 37
22 43
782 96
179 94
616 29
813 25
80 9
63 79
1 11
845 71
826 32
833 44
881 7
565 95
876 80
797 812
451 65
685 99
466 81
439 50
420 38
668 75
165 9
676 84
528 40
645 60
872 5
482 502
503 18
719 31
630 44
661 7
713 8
541 61
700 12
291 302
519 27
276 90
393 409
329 42
318 28
410 9
261 75
303 17
343 57
245 60
358 65
375 86
366 75
218 25
175 87
225 32
138 49
188 203
161 74
232 8
150 60
117 25
204 18
45 59
126 37
96 109
74 86
60 73
32 44
87 96
16 31
660 73
3 15
615 8
689 704
674 88
602 7
634 45
723 40
619 33
646 59
705 22
548 72
573 83
741 52
584 93
534 47
491 503
518 33
504 17
477 85
465 76
458 64
446 57
433 45
415 32
400 14
369 83
384 99
594 602
342 62
322 41
307 21
298 306
288 97
277 87
262 76
245 61
226 41
212 25
195 211
185 94
162 84
145 61
132 44
119 31
108 17
90 107
74 89
59 73
42 58
27 41
9 26
1 8
641 56
629 40
612 28
595 611
586 94
573 85
560 72
547 59
537 43
527 36
509 26
501 8
489 500
478 88
468 77
463 7
452 60
445 51
439 42;
425 38
411 24
395 410
381 94
367 80
360 7
348 60
346 8
328 45
312 27
298 311
283 97
271 6
257 70
240 56
224 39
211 23
199 210
184 98
167 83
150 8
146 9
130 45
114 29
100 13
87 99
74 86
55 73
35 54
21 34
1 20
947 54
939 47
920 38
905 19
891 904
876 90
857 75
844 56
835 43
825 34
814 21
809 13
795 808
785 94
772 84
758 71
750 7
732 49
719 31
708 18
693 707
675 92
665 74
653 7
647 53
613 27
602 12
591 601
628 46
574 90
562 73
544 61
540 3
519 39
507 14
503 7
499 503
483 98
466 82
449 65
432 48
420 31
406 19
388 405
378 87
367 77
347 66
335 46
317 28
311 7
294 310
286 93
257 68
251 6
269 85
185 201
243 50
231 42
216 30
202 15
173 81
167 73
160 6
157 60
141 56
131 40
116 30
104 15
86 103
76 85
58 75
38 57
15 37
4 14
1 3
975 87
1011 21
988 1010
956 74
943 55
924 42
907 23
896 906
887 95
879 86
875 8
862 70
857 62
837 56
818 36
798 817
776 97
767 75
753 66
741 52
727 40
711 26
701 10
684 9
673 84
656 72
643 55
633 42
623 32
609 22
591 608
578 90
564 77
543 63
531 9
523 31
515 22
504 14
496 503
485 95
477 84
467 76
453 66
445 52
431 44
412 30
400 11
389 99
369 88
355 63
345 55
337 45
330 7
321 9
302 20
295 301
283 94
271 82
252 70
232 51
222 31
194 205
206 21
182 93
163 81
155 62
133 46
130 3
125 9
113 24
97 112
83 96
68 82
57 67
44 56
25 43
17 24
1 16
993 1003
972 92
957 71
949 56
936 48
928 35
912 27
902 11
886 901
875 85
871 4
859 67
848 58
844 7
837 43
818 36
803 17
785 802
774 84
769 73
756 68
740 55
729 39
715 28
685 91
677 85
662 76
652 61
644 51
637 43
623 36
610 22
595 609
703 14
522 9
512 21
503 11
485 502
471 84
454 70
441 53
426 40
374 97
367 73
579 94
566 78
553 65
539 52
411 25
398 410
351 6
345 50
329 44
314 28
301 13
289 300
270 88
259 69
245 58
228 44
208 27
195 207
181 94
170 5
162 9
160 2
151 9
138 46;
122 37
116 21
97 115
89 96
73 88
57 72
46 56
31 45
21 30
1 20
973 83
965 73
961 5
952 61
948 51
936 47
916 35
900 15
895 9
865 94
852 9
844 51
841 4
831 41
823 31
819 23
808 18
758 77
743 57
731 42
778 807
719 30
710 8
697 709
693 5
689 93
678 88
672 8
668 72
660 8
651 9
634 50
620 33
595 619
575 94
562 74
548 61
530 47
527 9
513 26
277 98
500 7
493 500
483 92
471 82
455 70
441 54
432 40
419 31
401 18
391 400
373 90
363 72
347 62
317 37
299 316
268 76
254 67
241 53
230 40
218 29
197 217
183 96
158 65
166 73
146 57
127 45
111 26
91 110
77 90
66 76
56 65
35 55
21 34
4 20
989 1001
978 89
968 77
963 7
949 62
933 48
914 32
904 13
889 903
877 88
856 76
841 55
822 34
815 21
809 14
793 808
781 92
767 80
758 66
735 57
711 34
693 710
685 92
673 84
506 14
496 505
485 95
470 84
448 69
433 47
422 32
400 21
384 99
363 83
653 61
644 53
638 43
623 37
594 622
582 93
571 81
554 70
533 53
529 32
521 8
356 9
342 55
333 42
327 32
309 26
299 308
278 98
265 77
244 64
216 43
193 215
177 92
165 73
154 64
140 53
128 39
120 7
111 9
95 110
92 4
81 9
68 80
47 67
38 46
25 37
18 24
1 17
865 8
853 64;
851 2
849 51
839 48
820 38
794 819
781 93
757 80
745 56
735 44
724 9
717 23
705 16
696 704
684 95
674 83
665 73
649 64
641 8
618 40
604 17
594 603
571 93
554 64
548 53
539 48
528 38
515 27
501 14
488 500
477 87
460 76
439 59
428 35
423 8
403 22
386 402
374 85
368 73
352 67
334 51
311 33
296 310
283 95
271 80
259 71
255 9
253 5
239 52
229 38
206 28
186 205
159 85
131 58
959 79
946 58
930 45
917 29
908 16
898 907
889 97
881 8
873 80
866 72
855 65
844 54
835 43
833 4
127 30
124 6
119 24
110 8
89 109
70 88
66 9
55 65
48 54
37 47
23 36
15 22
1 14
827 32
822 7
817 22
806 16
786 805
761 85
754 60
740 53
729 39
715 28
703 14
689 702
673 88
664 71
652 64
648 52
638 47
625 37
614 25
599 613
588 98
570 87
554 69
541 53
369 81
363 8
306 62
278 305
257 77
233 56
225 32
202 24
183 201
742 52
730 42
723 9
713 22
700 12
689 99
676 88
657 75
640 56
628 39
621 7
290 300
284 9
268 83
243 67
215 42
194 214
170 93
156 69
153 5
613 20
610 3
602 9
580 601
565 79
557 64
540 56
525 39
513 24
497 512
479 96
470 8
468 9
465 7
978 82
970 8
945 69
926 44
913 25
892 912
881 91
860 80
848 59
817 47
781 816
758 80
755 7
87 105
7 17
67 86
60 6
39 59
18 38
141 9
136 41
128 36
106 27
454 62
444 53
438 44
425 37
408 24
391 407
367 90
351 66
331 50
322 30
305 21
301 3
87 100
65 86
52 64
3 18
28 51
19 27
171 9
160 71
143 59
130 42
114 29
101 13
829 36
817 29
808 17
800 7
796 800
777 95
754 76
740 53
713 39
697 712
686 96
671 85
652 70
628 51
617 27
592 612
579 91
563 78
539 62
515 38
501 14
480 500
463 79
435 62
422 34
400 21
383 99
528 35
524 7
509 23
492 508
478 91
450 77
432 49
410 31
389 409
94 106
76 93
65 75
6 20
54 64
31 53
21 30
199 213
192 9
170 91
153 69
138 52
119 37
107 18
1 5
406 12
399 406
396 9
380 95
365 79
352 64
329 51
317 28
300 16
286 99
233 53
519 37
508 19
497 508
495 6
475 94
457 74
445 56
397 413
367 96
351 66
737 61
733 7
727 33
719 26
710 8
702 10
696 701
673 95
654 72
641 53
625 40
617 24
604 16
589 603
582 8
568 81
545 67
814 25
790 807
735 54
715 34
683 714
596 603
581 96
547 58
523 46
455 90
413 35
90 124
9 17
77 89
61 76
43 60
32 42
3 8
18 31
168 73
147 58;
138 46
134 8
125 33
336 44
311 35
282 310
228 53
208 27
181 207
369 81
364 9
331 63
317 30
303 16
276 302
255 75
238 54
235 7
217 34
199 216
765 9
751 64
722 47
674 98
654 73
622 53
590 621
579 89
554 63
537 53
479 522
464 78
426 40
373 406
176 91
166 76
155 65
151 5
136 50
113 35
92 112
69 91
44 68
32 43
19 31
4 18
354 7
346 53
284 305
269 83
235 68
75 100
69 74
211 5
204 10
145 79
126 44
112 25
101 11
1 68
568 75
